reds
10,0,0; 255,0,0; 255,200,200; 0,0,0
greens
0,10,0; 0,255,0; 200,255,200; 0,0,0
blues
0,0,10; 0,0,255; 200,200,255; 0,0,0
reef
0,0,10; 0,0,255; 0,255,255; 0,255,0; 255,0,255; 255,200,255; 0,0,0
prism
0,0,0; 255,0,0; 255,255,0; 0,255,0; 0,255,255; 0,0,255; 0,0,0 
glacier
200,200,255; 0,0,255; 200,200,255; 0,0,0;
fire
50,0,0; 150,0,0; 150,50,0; 0,0,150; 0,0,0;
purples
10,0,10; 255,0,255, 255,200,255; 0,0,0
golds
0,0,0; 255,150,0; 255,255,255; 0,0,0
silvers
0,0,0; 255,255,255; 200,200,255; 0,0,0
treasure
0,0,0; 255,150,0; 255,255,255; 200,200,200
soft
99,192,255; 107,255,153; 255,171,45; 0,0,0
grue
0,0,0; 0,0,255; 0,255,0; 0,255,255; 0,0,0
gray-scale
10,10,10; 255,255,255; 0,0,0